1941
3353
4765
6177
7589
9001
10413
11825
13237
14649
16061
17473
18885
20297
21709
23121
24533
25945
27357
28769
30181
31593
33005
34417
35829
37241
38653
40065
41477
42889
44301
45713
47125
48537
49949
51361
52773
54185
55597
57009
58421
59833
61245
62657
64069
65481
66893
68305
69717
71129
72541
73953
75365
76777
78189
79601
81013
82425
83837
85249
86661
88073
89485
90897
92309
93721
95133
96545
97957
99369
100781
102193
103605
105017
106429
107841
109253
110665
112077
113489
114901
116313
117725
119137
120549
121961
123373
124785
126197
127609
129021
130433
131845
133257
134669
136081
137493
138905
140317
141729
143141
144553
145965
147377
148789
150201
151613
153025
154437
155849
157261
158673
160085
161497
162909
164321
165733
167145
168557
169969
171381
172793
174205
175617
177029
178441
179853
181265
182677
184089
185501
186913
188325
189737
191149
192561
193973
195385
196797
198209
199621
201033
202445
203857
205269
206681
208093
209505
210917
212329
213741
215153
216565
217977
219389
220801
222213
223625
225037
226449
227861
229273
230685
232097
233509
234921
236333
237745
239157
240569
241981
243393
244805
246217
247629
249041
250453
251865
253277
254689
256101
257513
258925